WGS84 UTM 32N
363001 5715494
94.14024954196066 -5.117049425840378 115.5
-83.90634485473856 -67.32462930027395 116.14
63.03492025611922 40.427664001472294 117.25
-81.50878877320793 -22.639039129950106 117.0
50.57474396226462 -3.8190175043419003 115.54
-60.152055288199335 -0.9482793919742107 116.39
-126.1050089901546 23.20704227220267 116.53
36.72734504810069 -70.5873026009649 117.9
6.436285522533581 19.670720480382442 117.22
113.54953115654644 -72.65118175931275 117.46
-139.99418550072005 -33.56297342199832 117.66
64.3367857215344 85.0996136572212 119.49
46.967595858848654 -70.84867358207703 117.43
-85.17754073278047 22.087053163908422 116.94
-101.6668382541975 44.953325003385544 118.08
-15.78524739824934 20.25929643213749 117.78
115.13330173073336 61.31608705595136 118.35
83.65897012746427 17.508946185931563 116.52
122.23287961492315 66.79959009867162 117.64
-73.0061472041416 -67.61337322741747 116.55
-94.88375554495724 -44.619899678975344 117.42
-106.81022370315623 -66.73884605802596 115.99
129.8181820132886 -51.04473496507853 116.44
115.86065446335124 16.663504341617227 116.42
-49.2583750061458 65.95534194074571 119.27
-139.26680591277545 -43.69379375781864 117.85
-104.16361540404614 67.28330776188523 118.83
124.82630173116922 -50.58839365001768 116.32
17.76057580311317 19.330510853789747 117.24
105.34115651645698 -27.77482805866748 115.58
-137.99273061996792 1.0252959271892905 117.3
27.837842040520627 63.77137800026685 119.33
-114.97283816640265 0.6093223849311471 116.46
-27.418590426328592 -1.7224612552672625 115.5
-61.78872632153798 -45.567905633710325 117.38
62.66093669494148 -26.56883495207876 116.19
-7.531581462477334 -47.04475355055183 117.09
-89.87614589656005 44.624979469925165 118.0
-49.095929101109505 -1.2350143836811185 115.86
49.49027556524379 18.48195295780897 116.56
-129.77669493982103 66.1002202667296 118.57
86.07466780685354 84.58627029787749 118.83
123.18449034332298 -60.809700784273446 117.25
-28.742057186434977 -68.81387487519532 117.12
-117.64790819445625 -66.41771867126226 116.17
31.10359200264793 41.365055195987225 117.25
-39.41492765035946 -46.163880416192114 116.9
91.31350436841603 -49.70450562238693 116.26
-82.43761071993504 66.82520703412592 118.64
58.73179331701249 -48.79301377385855 116.12
3.937951820960734 -69.65748529043049 117.57
-14.345595111954026 -24.43734520673752 116.1
58.63662303611636 -71.19810190796852 117.49
-104.7211671952391 22.76738918107003 116.51
24.5522682875162 -70.21795963868499 117.81
6.092065823962912 -2.6750956010073423 115.57
-113.17735460016411 45.24320365488529 118.15
-93.12889639590867 67.13615091703832 118.71
37.31610961543629 -48.23883053846657 116.24
-81.73684556456283 -0.24372547585517168 115.97
-68.88286400178913 44.063123104162514 117.68
117.4949509218568 -28.072310232557356 115.55
82.1558082777774 62.30924995522946 118.7
-37.60300047049532 20.82159210368991 117.84
-84.8277428818401 -44.92601198237389 117.42
18.669547467317898 -25.484678599983454 116.41
8.48398959392216 41.90246846340597 117.5
-102.71549302397761 -22.123916417360306 117.17
-28.3987060834188 -46.43403080571443 116.85
15.53522102261195 -47.656135260127485 116.64
97.01124679879285 39.39811768941581 116.79
-122.81435044563841 45.581314717419446 118.4
68.94884252198972 -71.43355348426849 117.33
52.923764674924314 40.75352778378874 117.16
60.02677178464364 62.891910741105676 119.74
-106.57189060526434 -44.26650685630739 117.46
-26.596544159692712 -24.17092129122466 115.98
3.5930961079429835 -47.29303819220513 116.87
83.84237824298907 -27.162951733916998 116.09
-3.171054852195084 42.26091906521469 117.55
-126.69655015342869 -66.18208521045744 116.17
-69.62237285956508 -22.923553550615907 117.0
17.000658975855913 -3.004063908010721 115.45
82.95289853855502 -4.7683492340147495 115.47
28.360394535411615 -25.687960352748632 116.44
-93.15775028942153 -0.055238110944628716 115.91
-126.2560764887603 67.93688939418644 118.57
107.32255729817552 83.26092688366771 118.0
-3.727927887812257 -24.770852625370026 115.96
-104.22525910055265 0.30917973536998034 116.14
-71.26012039207853 66.47331033926457 118.66
60.911305451299995 18.157771607860923 116.45
-58.471043737838045 -23.324163747020066 116.91
48.67379698436707 63.16480056848377 119.72
-28.02358444809215 65.28201876487583 119.22
-48.57062328886241 21.102818825282156 117.87
114.97150290769059 74.64635202474892 117.68
-94.72670455736807 -67.07511603739113 116.17
129.19466261810157 -18.370033621788025 116.21
93.5459776831558 17.226296758279204 116.2
129.1033308498445 -6.92108753696084 115.76
91.2297715684399 -72.04807435441762 117.73
128.37495314038824 16.167743646539748 117.02
-51.22616343596019 -45.87529071606696 116.92
74.30459721456282 40.13542197085917 116.77
-135.4653372495668 -21.237529543228447 117.2
47.96788248728262 -48.52369123045355 116.32
107.18741776206298 39.19732184894383 116.47
-17.72997053945437 -69.09625262673944 117.5
-91.6937975003384 -22.40362825244665 117.36
-79.78692140558269 44.342699772678316 117.82
-38.166418786509894 -1.502844619564712 115.76
7.707931328099221 -25.120279725641012 116.12
-7.072548065974843 -69.31646592635661 117.49
-57.813106410438195 43.643076851964 117.74
105.09495597938076 -5.450165120884776 115.72
93.64594980305992 61.90908288396895 118.82
129.2820551310433 -28.6102386796847 116.09
69.22598570445552 -49.06429690681398 115.95
-40.00737607199699 -68.56480823457241 117.08
72.36408845114056 -26.81564101111144 116.19
-5.977060915960465 64.6393816890195 119.48
-125.90862668521004 1.0011341199278831 116.59
70.80040750547778 62.56360889784992 119.21
-13.456016193085816 42.49888150393963 117.47
125.83897365769371 61.181389259174466 117.95
39.84381207439583 -3.4732865113765 115.85
61.258225369267166 -4.138714044354856 115.41
39.24894872336881 18.768085001967847 116.63
-36.46756655606441 -23.934840509667993 116.24
5.389469668967649 64.36909386515617 119.6
104.68820919387508 61.61377866379917 118.64
-52.07926440401934 -68.22589237987995 117.02
51.068919531069696 -26.224584215320647 116.2
-16.578975806944072 64.97865833435208 119.5
96.69787792733405 84.25281345006078 118.31
128.3051320356899 26.558940623886883 116.77
-27.17715659039095 20.663232872262597 117.73
-4.767998319584876 19.961342988535762 117.61
-128.87218770978507 -21.385081223212183 117.08
-5.276376329944469 -2.327485783956945 115.46
71.54544359532883 17.93834489583969 116.75
117.17259218823165 -69.87431506440043 117.49
14.898821584589314 -69.9105868730694 117.61
102.25650325440802 -49.97548408154398 116.17
-48.0900429332396 -23.577174204401672 116.58
-116.97544822678901 -43.99112999159843 117.37
105.74987503996817 16.933609970845282 116.17
-114.92709063505754 23.009599070064723 116.61
-113.88439396384638 -21.732006568461657 116.94
-18.46227810473647 -46.746050220914185 116.9
15.863593969377689 64.14769081585109 119.49
-139.4689870168222 -22.201781576499343 117.43
41.23968497023452 41.03538251109421 117.17
40.04094203514978 -25.89246403146535 116.02
-23.757217235281132 42.84858514647931 117.42
127.0857832323527 -5.954694692976773 115.72
-46.7545737278997 43.520108071155846 117.84
-135.48547650070395 45.61827286332846 119.25
-92.62538697523996 22.251496694982052 116.61
75.17062029917724 84.86242599785328 119.21
38.54637004219694 63.45713237673044 119.33
85.55670128704514 39.83440653141588 116.56
-35.705823286785744 43.177956994622946 117.68
-16.29015855473699 -2.041991694830358 115.39
113.25943100848235 -50.38097700569779 116.34
-39.268859506817535 65.62019785493612 119.31
118.98455749661662 38.89401775598526 116.18
81.47623432916589 -71.73812379688025 117.79
25.268376073916443 -47.9347523432225 116.59
72.84784946398577 -4.498334712348878 115.45
-136.6155456157867 23.510090340860188 116.28
-59.61808519763872 21.494419237598777 117.57
-71.11182665696833 21.623006783425808 117.32
-115.9820415431168 67.7237206613645 118.5
-62.78095950803254 -67.9332903623581 116.52
-137.62750554224476 10.888522798195481 117.27
28.104911995236762 19.149740177206695 116.81
116.22271869104588 -5.723019050434232 115.67
-73.35869668563828 -45.26106231659651 117.23
103.02365534898126 -72.33895165659487 117.35
52.69046824070392 85.349514384754 120.12
81.80479493481107 -49.45990154147148 116.11
128.21629790513543 38.3138428311795 115.97
-132.89066061540507 55.520064170472324 119.12
-71.00324055174133 -0.5619663251563907 116.21
28.539236012962647 -3.399499465711415 115.93
-127.26870660868008 -43.768175481818616 117.26
93.99441772978753 -27.406391939148307 115.41
-60.75494512467412 66.1179895317182 119.23
